.Random.seed <-
c(403L, 348L, -302260481L, -1988496533L, -1053931777L, -1000323275L, 
1636570003L, -52353476L, -839982409L, -535856276L, -432027968L, 
-1603779814L, 190308304L, -1329152095L, 1512532380L, -595839374L, 
680863597L, -207754447L, 1436182708L, 1137923717L, -442179223L, 
-1342474908L, 2083516131L, -1221867240L, 650719546L, -889767953L, 
394698358L, 19620473L, 720610831L, -726876351L, -843644225L, 
-223544803L, 1220973698L, 1368190974L, 919404920L, -549798242L, 
-673910908L, 1153753870L, -1157619878L, -859056604L, 428494131L, 
2069478941L, -1066126376L, -1747296522L, -2053788123L, 61456591L, 
-281451265L, 346229941L, -1917525493L, -476990204L, -994518973L, 
-2135756423L, -1055261273L, 1858405418L, -1842369988L, 693576407L, 
-1612549440L, -1494626540L, 2101645000L, -1994282196L, -1059960976L, 
-1050277153L, 1597258507L, 178600129L, -685061540L, 1980183451L, 
2079861178L, -1063309708L, 392520133L, 303526211L, -1472834931L, 
-665246225L, 251449873L, 797890404L, 2128052909L, 1254640878L, 
2014038572L, 1156737073L, -1528872438L, 655107644L, -722333803L, 
-1511226335L, -1233111275L, -1183700718L, 172113058L, -786070384L, 
1487667145L, -632431415L, -1157563530L, -120342091L, -571347564L, 
770748895L, 810556946L, 997678902L, -72383018L, -659455511L, 
1864058991L, 1160843619L, -1276746926L, -1505097119L, 305964947L, 
42142854L, 1278175085L, 2028197736L, -100081518L, 217620033L, 
-50273155L, 700994708L, 854823893L, 1167945617L, -954198102L, 
1977741675L, 514252830L, -1857383125L, -751105559L, 1782438839L, 
-1068521404L, 1406474684L, 1944400755L, 1744125019L, -903098996L, 
4009514L, -1099174480L, 1373498779L, 1830249309L, 2081659752L, 
183418419L, -1807319714L, 1327829310L, -1661562562L, -260740610L, 
-1148530898L, -136014102L, -250625707L, -1511308178L, 1104232335L, 
299853341L, 17245166L, 912077687L, 1090066994L, -1005047463L, 
-1663048736L, -105128675L, -1129888294L, 1561441246L, -429508587L, 
-2028655361L, -1456098852L, 142914324L, 281985405L, 1953465866L, 
-1772471875L, 1272223682L, 637444364L, 239239113L, 1509754458L, 
-92622990L, 1839472138L, -468015556L, -25734120L, 628119095L, 
2069798736L, 1792580344L, -2135892579L, 610614180L, -10613595L, 
1580825553L, -13635109L, -627811180L, 1107914140L, -1093800620L, 
1800841103L, 391487203L, 985756979L, -1082802323L, 558813779L, 
-1391755799L, 1655223418L, 13739883L, -381076444L, -1408672418L, 
-231017125L, -165443913L, 2111248982L, 407573302L, 356305074L, 
141698231L, 948052520L, -473688657L, 829484181L, 204103533L, 
731002688L, 1714846225L, 268631415L, -451047733L, 958466772L, 
-1398569400L, -163030447L, -710077320L, -295540413L, 1354933784L, 
1464738586L, -1180043297L, -517113245L, 581028653L, 473740261L, 
2046856082L, -809501842L, -707174580L, 538192538L, -1864032908L, 
-5527799L, 1187068408L, 668601136L, -1306162986L, -1321592545L, 
1045665050L, -1487672035L, -1980190303L, 1336284504L, -2037110651L, 
-1442845333L, -1374714466L, -2000184615L, -1612758687L, -1010563317L, 
728874727L, -1400385537L, 1018898594L, 1227897509L, -1753692884L, 
-724955049L, -241434253L, -1953729922L, -1266300358L, 398806987L, 
-532271987L, -457464319L, 465492157L, -1240002804L, 1623541717L, 
-1445904433L, -372647930L, -1239043160L, 1418159717L, -200563909L, 
-567233939L, -1555121496L, 24797418L, -379988095L, 1148749704L, 
1866758858L, 2101341833L, -1977787241L, -855220637L, -505814856L, 
2023741800L, -1534960966L, -616700588L, -1890927110L, 444337161L, 
-447940720L, 1308584796L, -1317857524L, 1370971298L, 523152691L, 
1257100444L, 1342339519L, -488297517L, -928131099L, 531773337L, 
-1450993920L, 1785534662L, 497087685L, -1296294542L, -687961780L, 
-349706151L, 1883006417L, 995245152L, 1341817700L, -1410461270L, 
-206576102L, -2096412540L, -1341912878L, 903835146L, -1957427259L, 
2019134587L, -1370913667L, 224298682L, 1098642284L, 1261652603L, 
-2026080616L, -17009368L, 1318801258L, -1229370427L, 486574305L, 
846572997L, 1448717389L, 388777797L, 97677046L, 953646916L, -693045334L, 
1537887033L, -763226087L, 1354665583L, -1762902647L, 1972015459L, 
246427491L, -715552206L, -1104310130L, 1470434200L, 403637875L, 
-503656914L, -1144008390L, -1843004740L, 1916299587L, -312714212L, 
-1369840678L, -970306623L, -1221931881L, 1309701547L, 929127042L, 
1333366578L, 1942111194L, -514368426L, -969195884L, 1618761031L, 
-603616280L, 1727679636L, 380496985L, 629134723L, 235293072L, 
-1961511278L, 1648482132L, 1263196758L, -1752194726L, 1339830335L, 
-1321118092L, -716424458L, -2014724157L, 934348135L, 156241778L, 
-1715561610L, -2073567545L, 187352169L, -983125215L, 689797706L, 
1191594118L, -2103477853L, 275344910L, 327940035L, 428646068L, 
1495201523L, 968708603L, -1902172860L, -1649481237L, 437439118L, 
-1934196766L, 577138736L, -828080835L, -317566648L, -290628657L, 
-599970910L, 923554472L, 1183224543L, 460657421L, -192089946L, 
-1852287384L, -67830139L, -56582360L, -890185813L, 20087213L, 
601231364L, 1783728631L, -1820066086L, 292509362L, -1627504520L, 
1425039362L, 1576339992L, -917839992L, -1872126937L, 2118468908L, 
-1199312955L, 1170997345L, -317665578L, -138381746L, -1771578137L, 
2034502518L, 644138686L, 1200593659L, -525757405L, -337532004L, 
345982624L, 2123988595L, -1945376313L, 56737121L, 1230477081L, 
-1974719308L, 1021691918L, -1879378162L, -1951393526L, 261807846L, 
1444292039L, 1925014393L, -445054066L, 1330469797L, -468816762L, 
-1537398608L, -979440915L, 1204468957L, 225696025L, 1730155035L, 
-1586407123L, 182003481L, 400640733L, -1080806154L, -4753841L, 
-823890441L, -570589778L, -1620225997L, 229046338L, 790316302L, 
793666549L, 42674553L, 1647237214L, -2110435425L, -1480930959L, 
113955281L, -1915922625L, -848934099L, -1743544233L, -2080931361L, 
-1522758433L, -1768649690L, 1540321045L, -1414377237L, 1321928288L, 
-1991784898L, 29068571L, -716204127L, -410193463L, -2021310103L, 
-199801260L, 1346082428L, 937533219L, -1529253604L, 1597425343L, 
2036640234L, -1619456194L, 1345628247L, -1152339559L, 1211146504L, 
-1668512393L, -1748547731L, -1843601664L, 1940844219L, -1538873564L, 
-182919891L, 557929854L, -767820764L, -1524858933L, 928436406L, 
-1069600771L, -907272598L, -471911744L, 293689081L, 538554803L, 
1632433280L, -1850371892L, 305214074L, -748098797L, -799261900L, 
-829688822L, -1292575508L, 609653186L, 1144007235L, -792914668L, 
1687343874L, -604702731L, 1454580749L, -959062656L, 1593169664L, 
-1739259667L, 1143149834L, 1980909271L, -2011259542L, 1781876721L, 
-1123022021L, -1950525050L, -1207759764L, -1776749576L, -822741951L, 
-591925158L, -909995830L, 1906262399L, 1036818113L, -667906430L, 
1835050856L, -937888760L, 277076644L, -1227803532L, -1989489659L, 
-165501797L, 1777914471L, -735522864L, 865660294L, -1866934861L, 
-860601853L, 401714766L, -1272204373L, -435659017L, 1886477554L, 
1287580408L, -1975529431L, 1709884539L, -998766994L, 839755017L, 
1080349793L, 2124390692L, -215934019L, 1915754730L, 1375419738L, 
1195285268L, -59680254L, 165976103L, 724245759L, -201600774L, 
706423983L, -1601123703L, 995554566L, -1738275576L, 1757463894L, 
-2007400834L, -1527112583L, -978224386L, 567861405L, -1201084091L, 
-522046300L, -1227049358L, 799086961L, -829217664L, 104770642L, 
880339962L, -260511095L, 1383201543L, 976258481L, 299962860L, 
1095408158L, -576363300L, -179331080L, -1960278640L, -15780250L, 
1432618418L, -215431841L, 1552831935L, 544011041L, 1356217217L, 
-439065493L, 1255776655L, -892317923L, -1691527903L, 249282294L, 
449931532L, -497091498L, 1138351770L, 1677647002L, -2057010083L, 
-775474791L, 581997328L, 825385146L, 1382164808L, 1664522489L, 
-1411382294L, -2142898299L, -235547072L, 2092342995L, 967376131L, 
-1040082751L, -1676044846L, -493351073L, -1068460708L, 1007610743L, 
-304532114L, 1717141450L, 47748317L, -937482951L, -1928152190L, 
-1013325959L, -20644822L, 134318474L, -1852139420L, 844099639L, 
-1630813297L, -2076886454L, 633733234L, 78783276L, -815264561L, 
